-------------------------------------------
LIST OF LEXEMES/TOKENS:

Internal Representation:
29  2 fuel  17  2 v2  17  2 saturn  17  2 bfr  18  21  2 fuel  20  3 10000  18  2 v2  20  3 5000  18  2 saturn  20  3 5  18  2 bfr  20  3 0  18  25  2 saturn  13  3 0  26  21  31  2 saturn  18  2 bfr  20  2 bfr  4  2 v2  18  25  2 fuel  13  3 0  26  21  31  2 fuel  18  2 fuel  20  2 fuel  5  3 2500  18  22  18  2 saturn  20  2 saturn  5  3 1  18  2 fuel  20  3 10000  18  22  18  31  2 bfr  18  22  19  

Symbolic Representation:
varsym  identsym fuel  commasym  identsym v2  commasym  identsym saturn  commasym  identsym bfr  semicolonsym  beginsym  identsym fuel  becomessym  numbersym 10000  semicolonsym  identsym v2  becomessym  numbersym 5000  semicolonsym  identsym saturn  becomessym  numbersym 5  semicolonsym  identsym bfr  becomessym  numbersym 0  semicolonsym  whilesym  identsym saturn  gtrsym  numbersym 0  dosym  beginsym  writesym  identsym saturn  semicolonsym  identsym bfr  becomessym  identsym bfr  plussym  identsym v2  semicolonsym  whilesym  identsym fuel  gtrsym  numbersym 0  dosym  beginsym  writesym  identsym fuel  semicolonsym  identsym fuel  becomessym  identsym fuel  minussym  numbersym 2500  semicolonsym  endsym  semicolonsym  identsym saturn  becomessym  identsym saturn  minussym  numbersym 1  semicolonsym  identsym fuel  becomessym  numbersym 10000  semicolonsym  endsym  semicolonsym  writesym  identsym bfr  semicolonsym  endsym  periodsym  


Code is syntactically correct. Assembly code generated successfully.
-------------------------------------------
GENERATED INTERMEDIATE CODE:
  0 inc 0 0 8
  1 lit 0 0 10000
  2 sto 0 0 4
  3 lit 0 0 5000
  4 sto 0 0 5
  5 lit 0 0 5
  6 sto 0 0 6
  7 lit 0 0 0
  8 sto 0 0 7
  9 lod 0 0 6
 10 lit 1 0 0
 11 gtr 0 0 1
 12 jpc 0 0 37
 13 lod 0 0 6
 14 sio 0 0 1
 15 lod 0 0 7
 16 lod 1 0 5
 17 add 0 0 1
 18 sto 0 0 7
 19 lod 0 0 4
 20 lit 1 0 0
 21 gtr 0 0 1
 22 jpc 0 0 30
 23 lod 0 0 4
 24 sio 0 0 1
 25 lod 0 0 4
 26 lit 1 0 2500
 27 sub 0 0 1
 28 sto 0 0 4
 29 jmp 0 0 19
 30 lod 0 0 6
 31 lit 1 0 1
 32 sub 0 0 1
 33 sto 0 0 6
 34 lit 0 0 10000
 35 sto 0 0 4
 36 jmp 0 0 9
 37 lod 0 0 7
 38 sio 0 0 1
 39 sio 0 0 3

-------------------------------------------
VIRTUAL MACHINE TRACE:
Initial Values:
PC	BP	SP	Stack
0	1	0	0 

Stack Trace:
		R	L	M	PC	BP	SP	Stack
0	inc	0	0	8	1	1	8	0 1 0 0 0 0 0 0 
RF: 0 0 0 0 0 0 0 0 
1	lit	0	0	10000	2	1	8	0 1 0 0 0 0 0 0 
RF: 10000 0 0 0 0 0 0 0 
2	sto	0	0	4	3	1	8	0 1 0 0 10000 0 0 0 
RF: 10000 0 0 0 0 0 0 0 
3	lit	0	0	5000	4	1	8	0 1 0 0 10000 0 0 0 
RF: 5000 0 0 0 0 0 0 0 
4	sto	0	0	5	5	1	8	0 1 0 0 10000 5000 0 0 
RF: 5000 0 0 0 0 0 0 0 
5	lit	0	0	5	6	1	8	0 1 0 0 10000 5000 0 0 
RF: 5 0 0 0 0 0 0 0 
6	sto	0	0	6	7	1	8	0 1 0 0 10000 5000 5 0 
RF: 5 0 0 0 0 0 0 0 
7	lit	0	0	0	8	1	8	0 1 0 0 10000 5000 5 0 
RF: 0 0 0 0 0 0 0 0 
8	sto	0	0	7	9	1	8	0 1 0 0 10000 5000 5 0 
RF: 0 0 0 0 0 0 0 0 
9	lod	0	0	6	10	1	8	0 1 0 0 10000 5000 5 0 
RF: 5 0 0 0 0 0 0 0 
10	lit	1	0	0	11	1	8	0 1 0 0 10000 5000 5 0 
RF: 5 0 0 0 0 0 0 0 
11	gtr	0	0	1	12	1	8	0 1 0 0 10000 5000 5 0 
RF: 1 0 0 0 0 0 0 0 
12	jpc	0	0	37	13	1	8	0 1 0 0 10000 5000 5 0 
RF: 1 0 0 0 0 0 0 0 
13	lod	0	0	6	14	1	8	0 1 0 0 10000 5000 5 0 
RF: 5 0 0 0 0 0 0 0 
OUTPUT: 5
14	sio	0	0	1	15	1	8	0 1 0 0 10000 5000 5 0 
RF: 5 0 0 0 0 0 0 0 
15	lod	0	0	7	16	1	8	0 1 0 0 10000 5000 5 0 
RF: 0 0 0 0 0 0 0 0 
16	lod	1	0	5	17	1	8	0 1 0 0 10000 5000 5 0 
RF: 0 5000 0 0 0 0 0 0 
17	add	0	0	1	18	1	8	0 1 0 0 10000 5000 5 0 
RF: 5000 5000 0 0 0 0 0 0 
18	sto	0	0	7	19	1	8	0 1 0 0 10000 5000 5 5000 
RF: 5000 5000 0 0 0 0 0 0 
19	lod	0	0	4	20	1	8	0 1 0 0 10000 5000 5 5000 
RF: 10000 5000 0 0 0 0 0 0 
20	lit	1	0	0	21	1	8	0 1 0 0 10000 5000 5 5000 
RF: 10000 0 0 0 0 0 0 0 
21	gtr	0	0	1	22	1	8	0 1 0 0 10000 5000 5 5000 
RF: 1 0 0 0 0 0 0 0 
22	jpc	0	0	30	23	1	8	0 1 0 0 10000 5000 5 5000 
RF: 1 0 0 0 0 0 0 0 
23	lod	0	0	4	24	1	8	0 1 0 0 10000 5000 5 5000 
RF: 10000 0 0 0 0 0 0 0 
OUTPUT: 10000
24	sio	0	0	1	25	1	8	0 1 0 0 10000 5000 5 5000 
RF: 10000 0 0 0 0 0 0 0 
25	lod	0	0	4	26	1	8	0 1 0 0 10000 5000 5 5000 
RF: 10000 0 0 0 0 0 0 0 
26	lit	1	0	2500	27	1	8	0 1 0 0 10000 5000 5 5000 
RF: 10000 2500 0 0 0 0 0 0 
27	sub	0	0	1	28	1	8	0 1 0 0 10000 5000 5 5000 
RF: 7500 2500 0 0 0 0 0 0 
28	sto	0	0	4	29	1	8	0 1 0 0 7500 5000 5 5000 
RF: 7500 2500 0 0 0 0 0 0 
29	jmp	0	0	19	19	1	8	0 1 0 0 7500 5000 5 5000 
RF: 7500 2500 0 0 0 0 0 0 
19	lod	0	0	4	20	1	8	0 1 0 0 7500 5000 5 5000 
RF: 7500 2500 0 0 0 0 0 0 
20	lit	1	0	0	21	1	8	0 1 0 0 7500 5000 5 5000 
RF: 7500 0 0 0 0 0 0 0 
21	gtr	0	0	1	22	1	8	0 1 0 0 7500 5000 5 5000 
RF: 1 0 0 0 0 0 0 0 
22	jpc	0	0	30	23	1	8	0 1 0 0 7500 5000 5 5000 
RF: 1 0 0 0 0 0 0 0 
23	lod	0	0	4	24	1	8	0 1 0 0 7500 5000 5 5000 
RF: 7500 0 0 0 0 0 0 0 
OUTPUT: 7500
24	sio	0	0	1	25	1	8	0 1 0 0 7500 5000 5 5000 
RF: 7500 0 0 0 0 0 0 0 
25	lod	0	0	4	26	1	8	0 1 0 0 7500 5000 5 5000 
RF: 7500 0 0 0 0 0 0 0 
26	lit	1	0	2500	27	1	8	0 1 0 0 7500 5000 5 5000 
RF: 7500 2500 0 0 0 0 0 0 
27	sub	0	0	1	28	1	8	0 1 0 0 7500 5000 5 5000 
RF: 5000 2500 0 0 0 0 0 0 
28	sto	0	0	4	29	1	8	0 1 0 0 5000 5000 5 5000 
RF: 5000 2500 0 0 0 0 0 0 
29	jmp	0	0	19	19	1	8	0 1 0 0 5000 5000 5 5000 
RF: 5000 2500 0 0 0 0 0 0 
19	lod	0	0	4	20	1	8	0 1 0 0 5000 5000 5 5000 
RF: 5000 2500 0 0 0 0 0 0 
20	lit	1	0	0	21	1	8	0 1 0 0 5000 5000 5 5000 
RF: 5000 0 0 0 0 0 0 0 
21	gtr	0	0	1	22	1	8	0 1 0 0 5000 5000 5 5000 
RF: 1 0 0 0 0 0 0 0 
22	jpc	0	0	30	23	1	8	0 1 0 0 5000 5000 5 5000 
RF: 1 0 0 0 0 0 0 0 
23	lod	0	0	4	24	1	8	0 1 0 0 5000 5000 5 5000 
RF: 5000 0 0 0 0 0 0 0 
OUTPUT: 5000
24	sio	0	0	1	25	1	8	0 1 0 0 5000 5000 5 5000 
RF: 5000 0 0 0 0 0 0 0 
25	lod	0	0	4	26	1	8	0 1 0 0 5000 5000 5 5000 
RF: 5000 0 0 0 0 0 0 0 
26	lit	1	0	2500	27	1	8	0 1 0 0 5000 5000 5 5000 
RF: 5000 2500 0 0 0 0 0 0 
27	sub	0	0	1	28	1	8	0 1 0 0 5000 5000 5 5000 
RF: 2500 2500 0 0 0 0 0 0 
28	sto	0	0	4	29	1	8	0 1 0 0 2500 5000 5 5000 
RF: 2500 2500 0 0 0 0 0 0 
29	jmp	0	0	19	19	1	8	0 1 0 0 2500 5000 5 5000 
RF: 2500 2500 0 0 0 0 0 0 
19	lod	0	0	4	20	1	8	0 1 0 0 2500 5000 5 5000 
RF: 2500 2500 0 0 0 0 0 0 
20	lit	1	0	0	21	1	8	0 1 0 0 2500 5000 5 5000 
RF: 2500 0 0 0 0 0 0 0 
21	gtr	0	0	1	22	1	8	0 1 0 0 2500 5000 5 5000 
RF: 1 0 0 0 0 0 0 0 
22	jpc	0	0	30	23	1	8	0 1 0 0 2500 5000 5 5000 
RF: 1 0 0 0 0 0 0 0 
23	lod	0	0	4	24	1	8	0 1 0 0 2500 5000 5 5000 
RF: 2500 0 0 0 0 0 0 0 
OUTPUT: 2500
24	sio	0	0	1	25	1	8	0 1 0 0 2500 5000 5 5000 
RF: 2500 0 0 0 0 0 0 0 
25	lod	0	0	4	26	1	8	0 1 0 0 2500 5000 5 5000 
RF: 2500 0 0 0 0 0 0 0 
26	lit	1	0	2500	27	1	8	0 1 0 0 2500 5000 5 5000 
RF: 2500 2500 0 0 0 0 0 0 
27	sub	0	0	1	28	1	8	0 1 0 0 2500 5000 5 5000 
RF: 0 2500 0 0 0 0 0 0 
28	sto	0	0	4	29	1	8	0 1 0 0 0 5000 5 5000 
RF: 0 2500 0 0 0 0 0 0 
29	jmp	0	0	19	19	1	8	0 1 0 0 0 5000 5 5000 
RF: 0 2500 0 0 0 0 0 0 
19	lod	0	0	4	20	1	8	0 1 0 0 0 5000 5 5000 
RF: 0 2500 0 0 0 0 0 0 
20	lit	1	0	0	21	1	8	0 1 0 0 0 5000 5 5000 
RF: 0 0 0 0 0 0 0 0 
21	gtr	0	0	1	22	1	8	0 1 0 0 0 5000 5 5000 
RF: 0 0 0 0 0 0 0 0 
22	jpc	0	0	30	30	1	8	0 1 0 0 0 5000 5 5000 
RF: 0 0 0 0 0 0 0 0 
30	lod	0	0	6	31	1	8	0 1 0 0 0 5000 5 5000 
RF: 5 0 0 0 0 0 0 0 
31	lit	1	0	1	32	1	8	0 1 0 0 0 5000 5 5000 
RF: 5 1 0 0 0 0 0 0 
32	sub	0	0	1	33	1	8	0 1 0 0 0 5000 5 5000 
RF: 4 1 0 0 0 0 0 0 
33	sto	0	0	6	34	1	8	0 1 0 0 0 5000 4 5000 
RF: 4 1 0 0 0 0 0 0 
34	lit	0	0	10000	35	1	8	0 1 0 0 0 5000 4 5000 
RF: 10000 1 0 0 0 0 0 0 
35	sto	0	0	4	36	1	8	0 1 0 0 10000 5000 4 5000 
RF: 10000 1 0 0 0 0 0 0 
36	jmp	0	0	9	9	1	8	0 1 0 0 10000 5000 4 5000 
RF: 10000 1 0 0 0 0 0 0 
9	lod	0	0	6	10	1	8	0 1 0 0 10000 5000 4 5000 
RF: 4 1 0 0 0 0 0 0 
10	lit	1	0	0	11	1	8	0 1 0 0 10000 5000 4 5000 
RF: 4 0 0 0 0 0 0 0 
11	gtr	0	0	1	12	1	8	0 1 0 0 10000 5000 4 5000 
RF: 1 0 0 0 0 0 0 0 
12	jpc	0	0	37	13	1	8	0 1 0 0 10000 5000 4 5000 
RF: 1 0 0 0 0 0 0 0 
13	lod	0	0	6	14	1	8	0 1 0 0 10000 5000 4 5000 
RF: 4 0 0 0 0 0 0 0 
OUTPUT: 4
14	sio	0	0	1	15	1	8	0 1 0 0 10000 5000 4 5000 
RF: 4 0 0 0 0 0 0 0 
15	lod	0	0	7	16	1	8	0 1 0 0 10000 5000 4 5000 
RF: 5000 0 0 0 0 0 0 0 
16	lod	1	0	5	17	1	8	0 1 0 0 10000 5000 4 5000 
RF: 5000 5000 0 0 0 0 0 0 
17	add	0	0	1	18	1	8	0 1 0 0 10000 5000 4 5000 
RF: 10000 5000 0 0 0 0 0 0 
18	sto	0	0	7	19	1	8	0 1 0 0 10000 5000 4 10000 
RF: 10000 5000 0 0 0 0 0 0 
19	lod	0	0	4	20	1	8	0 1 0 0 10000 5000 4 10000 
RF: 10000 5000 0 0 0 0 0 0 
20	lit	1	0	0	21	1	8	0 1 0 0 10000 5000 4 10000 
RF: 10000 0 0 0 0 0 0 0 
21	gtr	0	0	1	22	1	8	0 1 0 0 10000 5000 4 10000 
RF: 1 0 0 0 0 0 0 0 
22	jpc	0	0	30	23	1	8	0 1 0 0 10000 5000 4 10000 
RF: 1 0 0 0 0 0 0 0 
23	lod	0	0	4	24	1	8	0 1 0 0 10000 5000 4 10000 
RF: 10000 0 0 0 0 0 0 0 
OUTPUT: 10000
24	sio	0	0	1	25	1	8	0 1 0 0 10000 5000 4 10000 
RF: 10000 0 0 0 0 0 0 0 
25	lod	0	0	4	26	1	8	0 1 0 0 10000 5000 4 10000 
RF: 10000 0 0 0 0 0 0 0 
26	lit	1	0	2500	27	1	8	0 1 0 0 10000 5000 4 10000 
RF: 10000 2500 0 0 0 0 0 0 
27	sub	0	0	1	28	1	8	0 1 0 0 10000 5000 4 10000 
RF: 7500 2500 0 0 0 0 0 0 
28	sto	0	0	4	29	1	8	0 1 0 0 7500 5000 4 10000 
RF: 7500 2500 0 0 0 0 0 0 
29	jmp	0	0	19	19	1	8	0 1 0 0 7500 5000 4 10000 
RF: 7500 2500 0 0 0 0 0 0 
19	lod	0	0	4	20	1	8	0 1 0 0 7500 5000 4 10000 
RF: 7500 2500 0 0 0 0 0 0 
20	lit	1	0	0	21	1	8	0 1 0 0 7500 5000 4 10000 
RF: 7500 0 0 0 0 0 0 0 
21	gtr	0	0	1	22	1	8	0 1 0 0 7500 5000 4 10000 
RF: 1 0 0 0 0 0 0 0 
22	jpc	0	0	30	23	1	8	0 1 0 0 7500 5000 4 10000 
RF: 1 0 0 0 0 0 0 0 
23	lod	0	0	4	24	1	8	0 1 0 0 7500 5000 4 10000 
RF: 7500 0 0 0 0 0 0 0 
OUTPUT: 7500
24	sio	0	0	1	25	1	8	0 1 0 0 7500 5000 4 10000 
RF: 7500 0 0 0 0 0 0 0 
25	lod	0	0	4	26	1	8	0 1 0 0 7500 5000 4 10000 
RF: 7500 0 0 0 0 0 0 0 
26	lit	1	0	2500	27	1	8	0 1 0 0 7500 5000 4 10000 
RF: 7500 2500 0 0 0 0 0 0 
27	sub	0	0	1	28	1	8	0 1 0 0 7500 5000 4 10000 
RF: 5000 2500 0 0 0 0 0 0 
28	sto	0	0	4	29	1	8	0 1 0 0 5000 5000 4 10000 
RF: 5000 2500 0 0 0 0 0 0 
29	jmp	0	0	19	19	1	8	0 1 0 0 5000 5000 4 10000 
RF: 5000 2500 0 0 0 0 0 0 
19	lod	0	0	4	20	1	8	0 1 0 0 5000 5000 4 10000 
RF: 5000 2500 0 0 0 0 0 0 
20	lit	1	0	0	21	1	8	0 1 0 0 5000 5000 4 10000 
RF: 5000 0 0 0 0 0 0 0 
21	gtr	0	0	1	22	1	8	0 1 0 0 5000 5000 4 10000 
RF: 1 0 0 0 0 0 0 0 
22	jpc	0	0	30	23	1	8	0 1 0 0 5000 5000 4 10000 
RF: 1 0 0 0 0 0 0 0 
23	lod	0	0	4	24	1	8	0 1 0 0 5000 5000 4 10000 
RF: 5000 0 0 0 0 0 0 0 
OUTPUT: 5000
24	sio	0	0	1	25	1	8	0 1 0 0 5000 5000 4 10000 
RF: 5000 0 0 0 0 0 0 0 
25	lod	0	0	4	26	1	8	0 1 0 0 5000 5000 4 10000 
RF: 5000 0 0 0 0 0 0 0 
26	lit	1	0	2500	27	1	8	0 1 0 0 5000 5000 4 10000 
RF: 5000 2500 0 0 0 0 0 0 
27	sub	0	0	1	28	1	8	0 1 0 0 5000 5000 4 10000 
RF: 2500 2500 0 0 0 0 0 0 
28	sto	0	0	4	29	1	8	0 1 0 0 2500 5000 4 10000 
RF: 2500 2500 0 0 0 0 0 0 
29	jmp	0	0	19	19	1	8	0 1 0 0 2500 5000 4 10000 
RF: 2500 2500 0 0 0 0 0 0 
19	lod	0	0	4	20	1	8	0 1 0 0 2500 5000 4 10000 
RF: 2500 2500 0 0 0 0 0 0 
20	lit	1	0	0	21	1	8	0 1 0 0 2500 5000 4 10000 
RF: 2500 0 0 0 0 0 0 0 
21	gtr	0	0	1	22	1	8	0 1 0 0 2500 5000 4 10000 
RF: 1 0 0 0 0 0 0 0 
22	jpc	0	0	30	23	1	8	0 1 0 0 2500 5000 4 10000 
RF: 1 0 0 0 0 0 0 0 
23	lod	0	0	4	24	1	8	0 1 0 0 2500 5000 4 10000 
RF: 2500 0 0 0 0 0 0 0 
OUTPUT: 2500
24	sio	0	0	1	25	1	8	0 1 0 0 2500 5000 4 10000 
RF: 2500 0 0 0 0 0 0 0 
25	lod	0	0	4	26	1	8	0 1 0 0 2500 5000 4 10000 
RF: 2500 0 0 0 0 0 0 0 
26	lit	1	0	2500	27	1	8	0 1 0 0 2500 5000 4 10000 
RF: 2500 2500 0 0 0 0 0 0 
27	sub	0	0	1	28	1	8	0 1 0 0 2500 5000 4 10000 
RF: 0 2500 0 0 0 0 0 0 
28	sto	0	0	4	29	1	8	0 1 0 0 0 5000 4 10000 
RF: 0 2500 0 0 0 0 0 0 
29	jmp	0	0	19	19	1	8	0 1 0 0 0 5000 4 10000 
RF: 0 2500 0 0 0 0 0 0 
19	lod	0	0	4	20	1	8	0 1 0 0 0 5000 4 10000 
RF: 0 2500 0 0 0 0 0 0 
20	lit	1	0	0	21	1	8	0 1 0 0 0 5000 4 10000 
RF: 0 0 0 0 0 0 0 0 
21	gtr	0	0	1	22	1	8	0 1 0 0 0 5000 4 10000 
RF: 0 0 0 0 0 0 0 0 
22	jpc	0	0	30	30	1	8	0 1 0 0 0 5000 4 10000 
RF: 0 0 0 0 0 0 0 0 
30	lod	0	0	6	31	1	8	0 1 0 0 0 5000 4 10000 
RF: 4 0 0 0 0 0 0 0 
31	lit	1	0	1	32	1	8	0 1 0 0 0 5000 4 10000 
RF: 4 1 0 0 0 0 0 0 
32	sub	0	0	1	33	1	8	0 1 0 0 0 5000 4 10000 
RF: 3 1 0 0 0 0 0 0 
33	sto	0	0	6	34	1	8	0 1 0 0 0 5000 3 10000 
RF: 3 1 0 0 0 0 0 0 
34	lit	0	0	10000	35	1	8	0 1 0 0 0 5000 3 10000 
RF: 10000 1 0 0 0 0 0 0 
35	sto	0	0	4	36	1	8	0 1 0 0 10000 5000 3 10000 
RF: 10000 1 0 0 0 0 0 0 
36	jmp	0	0	9	9	1	8	0 1 0 0 10000 5000 3 10000 
RF: 10000 1 0 0 0 0 0 0 
9	lod	0	0	6	10	1	8	0 1 0 0 10000 5000 3 10000 
RF: 3 1 0 0 0 0 0 0 
10	lit	1	0	0	11	1	8	0 1 0 0 10000 5000 3 10000 
RF: 3 0 0 0 0 0 0 0 
11	gtr	0	0	1	12	1	8	0 1 0 0 10000 5000 3 10000 
RF: 1 0 0 0 0 0 0 0 
12	jpc	0	0	37	13	1	8	0 1 0 0 10000 5000 3 10000 
RF: 1 0 0 0 0 0 0 0 
13	lod	0	0	6	14	1	8	0 1 0 0 10000 5000 3 10000 
RF: 3 0 0 0 0 0 0 0 
OUTPUT: 3
14	sio	0	0	1	15	1	8	0 1 0 0 10000 5000 3 10000 
RF: 3 0 0 0 0 0 0 0 
15	lod	0	0	7	16	1	8	0 1 0 0 10000 5000 3 10000 
RF: 10000 0 0 0 0 0 0 0 
16	lod	1	0	5	17	1	8	0 1 0 0 10000 5000 3 10000 
RF: 10000 5000 0 0 0 0 0 0 
17	add	0	0	1	18	1	8	0 1 0 0 10000 5000 3 10000 
RF: 15000 5000 0 0 0 0 0 0 
18	sto	0	0	7	19	1	8	0 1 0 0 10000 5000 3 15000 
RF: 15000 5000 0 0 0 0 0 0 
19	lod	0	0	4	20	1	8	0 1 0 0 10000 5000 3 15000 
RF: 10000 5000 0 0 0 0 0 0 
20	lit	1	0	0	21	1	8	0 1 0 0 10000 5000 3 15000 
RF: 10000 0 0 0 0 0 0 0 
21	gtr	0	0	1	22	1	8	0 1 0 0 10000 5000 3 15000 
RF: 1 0 0 0 0 0 0 0 
22	jpc	0	0	30	23	1	8	0 1 0 0 10000 5000 3 15000 
RF: 1 0 0 0 0 0 0 0 
23	lod	0	0	4	24	1	8	0 1 0 0 10000 5000 3 15000 
RF: 10000 0 0 0 0 0 0 0 
OUTPUT: 10000
24	sio	0	0	1	25	1	8	0 1 0 0 10000 5000 3 15000 
RF: 10000 0 0 0 0 0 0 0 
25	lod	0	0	4	26	1	8	0 1 0 0 10000 5000 3 15000 
RF: 10000 0 0 0 0 0 0 0 
26	lit	1	0	2500	27	1	8	0 1 0 0 10000 5000 3 15000 
RF: 10000 2500 0 0 0 0 0 0 
27	sub	0	0	1	28	1	8	0 1 0 0 10000 5000 3 15000 
RF: 7500 2500 0 0 0 0 0 0 
28	sto	0	0	4	29	1	8	0 1 0 0 7500 5000 3 15000 
RF: 7500 2500 0 0 0 0 0 0 
29	jmp	0	0	19	19	1	8	0 1 0 0 7500 5000 3 15000 
RF: 7500 2500 0 0 0 0 0 0 
19	lod	0	0	4	20	1	8	0 1 0 0 7500 5000 3 15000 
RF: 7500 2500 0 0 0 0 0 0 
20	lit	1	0	0	21	1	8	0 1 0 0 7500 5000 3 15000 
RF: 7500 0 0 0 0 0 0 0 
21	gtr	0	0	1	22	1	8	0 1 0 0 7500 5000 3 15000 
RF: 1 0 0 0 0 0 0 0 
22	jpc	0	0	30	23	1	8	0 1 0 0 7500 5000 3 15000 
RF: 1 0 0 0 0 0 0 0 
23	lod	0	0	4	24	1	8	0 1 0 0 7500 5000 3 15000 
RF: 7500 0 0 0 0 0 0 0 
OUTPUT: 7500
24	sio	0	0	1	25	1	8	0 1 0 0 7500 5000 3 15000 
RF: 7500 0 0 0 0 0 0 0 
25	lod	0	0	4	26	1	8	0 1 0 0 7500 5000 3 15000 
RF: 7500 0 0 0 0 0 0 0 
26	lit	1	0	2500	27	1	8	0 1 0 0 7500 5000 3 15000 
RF: 7500 2500 0 0 0 0 0 0 
27	sub	0	0	1	28	1	8	0 1 0 0 7500 5000 3 15000 
RF: 5000 2500 0 0 0 0 0 0 
28	sto	0	0	4	29	1	8	0 1 0 0 5000 5000 3 15000 
RF: 5000 2500 0 0 0 0 0 0 
29	jmp	0	0	19	19	1	8	0 1 0 0 5000 5000 3 15000 
RF: 5000 2500 0 0 0 0 0 0 
19	lod	0	0	4	20	1	8	0 1 0 0 5000 5000 3 15000 
RF: 5000 2500 0 0 0 0 0 0 
20	lit	1	0	0	21	1	8	0 1 0 0 5000 5000 3 15000 
RF: 5000 0 0 0 0 0 0 0 
21	gtr	0	0	1	22	1	8	0 1 0 0 5000 5000 3 15000 
RF: 1 0 0 0 0 0 0 0 
22	jpc	0	0	30	23	1	8	0 1 0 0 5000 5000 3 15000 
RF: 1 0 0 0 0 0 0 0 
23	lod	0	0	4	24	1	8	0 1 0 0 5000 5000 3 15000 
RF: 5000 0 0 0 0 0 0 0 
OUTPUT: 5000
24	sio	0	0	1	25	1	8	0 1 0 0 5000 5000 3 15000 
RF: 5000 0 0 0 0 0 0 0 
25	lod	0	0	4	26	1	8	0 1 0 0 5000 5000 3 15000 
RF: 5000 0 0 0 0 0 0 0 
26	lit	1	0	2500	27	1	8	0 1 0 0 5000 5000 3 15000 
RF: 5000 2500 0 0 0 0 0 0 
27	sub	0	0	1	28	1	8	0 1 0 0 5000 5000 3 15000 
RF: 2500 2500 0 0 0 0 0 0 
28	sto	0	0	4	29	1	8	0 1 0 0 2500 5000 3 15000 
RF: 2500 2500 0 0 0 0 0 0 
29	jmp	0	0	19	19	1	8	0 1 0 0 2500 5000 3 15000 
RF: 2500 2500 0 0 0 0 0 0 
19	lod	0	0	4	20	1	8	0 1 0 0 2500 5000 3 15000 
RF: 2500 2500 0 0 0 0 0 0 
20	lit	1	0	0	21	1	8	0 1 0 0 2500 5000 3 15000 
RF: 2500 0 0 0 0 0 0 0 
21	gtr	0	0	1	22	1	8	0 1 0 0 2500 5000 3 15000 
RF: 1 0 0 0 0 0 0 0 
22	jpc	0	0	30	23	1	8	0 1 0 0 2500 5000 3 15000 
RF: 1 0 0 0 0 0 0 0 
23	lod	0	0	4	24	1	8	0 1 0 0 2500 5000 3 15000 
RF: 2500 0 0 0 0 0 0 0 
OUTPUT: 2500
24	sio	0	0	1	25	1	8	0 1 0 0 2500 5000 3 15000 
RF: 2500 0 0 0 0 0 0 0 
25	lod	0	0	4	26	1	8	0 1 0 0 2500 5000 3 15000 
RF: 2500 0 0 0 0 0 0 0 
26	lit	1	0	2500	27	1	8	0 1 0 0 2500 5000 3 15000 
RF: 2500 2500 0 0 0 0 0 0 
27	sub	0	0	1	28	1	8	0 1 0 0 2500 5000 3 15000 
RF: 0 2500 0 0 0 0 0 0 
28	sto	0	0	4	29	1	8	0 1 0 0 0 5000 3 15000 
RF: 0 2500 0 0 0 0 0 0 
29	jmp	0	0	19	19	1	8	0 1 0 0 0 5000 3 15000 
RF: 0 2500 0 0 0 0 0 0 
19	lod	0	0	4	20	1	8	0 1 0 0 0 5000 3 15000 
RF: 0 2500 0 0 0 0 0 0 
20	lit	1	0	0	21	1	8	0 1 0 0 0 5000 3 15000 
RF: 0 0 0 0 0 0 0 0 
21	gtr	0	0	1	22	1	8	0 1 0 0 0 5000 3 15000 
RF: 0 0 0 0 0 0 0 0 
22	jpc	0	0	30	30	1	8	0 1 0 0 0 5000 3 15000 
RF: 0 0 0 0 0 0 0 0 
30	lod	0	0	6	31	1	8	0 1 0 0 0 5000 3 15000 
RF: 3 0 0 0 0 0 0 0 
31	lit	1	0	1	32	1	8	0 1 0 0 0 5000 3 15000 
RF: 3 1 0 0 0 0 0 0 
32	sub	0	0	1	33	1	8	0 1 0 0 0 5000 3 15000 
RF: 2 1 0 0 0 0 0 0 
33	sto	0	0	6	34	1	8	0 1 0 0 0 5000 2 15000 
RF: 2 1 0 0 0 0 0 0 
34	lit	0	0	10000	35	1	8	0 1 0 0 0 5000 2 15000 
RF: 10000 1 0 0 0 0 0 0 
35	sto	0	0	4	36	1	8	0 1 0 0 10000 5000 2 15000 
RF: 10000 1 0 0 0 0 0 0 
36	jmp	0	0	9	9	1	8	0 1 0 0 10000 5000 2 15000 
RF: 10000 1 0 0 0 0 0 0 
9	lod	0	0	6	10	1	8	0 1 0 0 10000 5000 2 15000 
RF: 2 1 0 0 0 0 0 0 
10	lit	1	0	0	11	1	8	0 1 0 0 10000 5000 2 15000 
RF: 2 0 0 0 0 0 0 0 
11	gtr	0	0	1	12	1	8	0 1 0 0 10000 5000 2 15000 
RF: 1 0 0 0 0 0 0 0 
12	jpc	0	0	37	13	1	8	0 1 0 0 10000 5000 2 15000 
RF: 1 0 0 0 0 0 0 0 
13	lod	0	0	6	14	1	8	0 1 0 0 10000 5000 2 15000 
RF: 2 0 0 0 0 0 0 0 
OUTPUT: 2
14	sio	0	0	1	15	1	8	0 1 0 0 10000 5000 2 15000 
RF: 2 0 0 0 0 0 0 0 
15	lod	0	0	7	16	1	8	0 1 0 0 10000 5000 2 15000 
RF: 15000 0 0 0 0 0 0 0 
16	lod	1	0	5	17	1	8	0 1 0 0 10000 5000 2 15000 
RF: 15000 5000 0 0 0 0 0 0 
17	add	0	0	1	18	1	8	0 1 0 0 10000 5000 2 15000 
RF: 20000 5000 0 0 0 0 0 0 
18	sto	0	0	7	19	1	8	0 1 0 0 10000 5000 2 20000 
RF: 20000 5000 0 0 0 0 0 0 
19	lod	0	0	4	20	1	8	0 1 0 0 10000 5000 2 20000 
RF: 10000 5000 0 0 0 0 0 0 
20	lit	1	0	0	21	1	8	0 1 0 0 10000 5000 2 20000 
RF: 10000 0 0 0 0 0 0 0 
21	gtr	0	0	1	22	1	8	0 1 0 0 10000 5000 2 20000 
RF: 1 0 0 0 0 0 0 0 
22	jpc	0	0	30	23	1	8	0 1 0 0 10000 5000 2 20000 
RF: 1 0 0 0 0 0 0 0 
23	lod	0	0	4	24	1	8	0 1 0 0 10000 5000 2 20000 
RF: 10000 0 0 0 0 0 0 0 
OUTPUT: 10000
24	sio	0	0	1	25	1	8	0 1 0 0 10000 5000 2 20000 
RF: 10000 0 0 0 0 0 0 0 
25	lod	0	0	4	26	1	8	0 1 0 0 10000 5000 2 20000 
RF: 10000 0 0 0 0 0 0 0 
26	lit	1	0	2500	27	1	8	0 1 0 0 10000 5000 2 20000 
RF: 10000 2500 0 0 0 0 0 0 
27	sub	0	0	1	28	1	8	0 1 0 0 10000 5000 2 20000 
RF: 7500 2500 0 0 0 0 0 0 
28	sto	0	0	4	29	1	8	0 1 0 0 7500 5000 2 20000 
RF: 7500 2500 0 0 0 0 0 0 
29	jmp	0	0	19	19	1	8	0 1 0 0 7500 5000 2 20000 
RF: 7500 2500 0 0 0 0 0 0 
19	lod	0	0	4	20	1	8	0 1 0 0 7500 5000 2 20000 
RF: 7500 2500 0 0 0 0 0 0 
20	lit	1	0	0	21	1	8	0 1 0 0 7500 5000 2 20000 
RF: 7500 0 0 0 0 0 0 0 
21	gtr	0	0	1	22	1	8	0 1 0 0 7500 5000 2 20000 
RF: 1 0 0 0 0 0 0 0 
22	jpc	0	0	30	23	1	8	0 1 0 0 7500 5000 2 20000 
RF: 1 0 0 0 0 0 0 0 
23	lod	0	0	4	24	1	8	0 1 0 0 7500 5000 2 20000 
RF: 7500 0 0 0 0 0 0 0 
OUTPUT: 7500
24	sio	0	0	1	25	1	8	0 1 0 0 7500 5000 2 20000 
RF: 7500 0 0 0 0 0 0 0 
25	lod	0	0	4	26	1	8	0 1 0 0 7500 5000 2 20000 
RF: 7500 0 0 0 0 0 0 0 
26	lit	1	0	2500	27	1	8	0 1 0 0 7500 5000 2 20000 
RF: 7500 2500 0 0 0 0 0 0 
27	sub	0	0	1	28	1	8	0 1 0 0 7500 5000 2 20000 
RF: 5000 2500 0 0 0 0 0 0 
28	sto	0	0	4	29	1	8	0 1 0 0 5000 5000 2 20000 
RF: 5000 2500 0 0 0 0 0 0 
29	jmp	0	0	19	19	1	8	0 1 0 0 5000 5000 2 20000 
RF: 5000 2500 0 0 0 0 0 0 
19	lod	0	0	4	20	1	8	0 1 0 0 5000 5000 2 20000 
RF: 5000 2500 0 0 0 0 0 0 
20	lit	1	0	0	21	1	8	0 1 0 0 5000 5000 2 20000 
RF: 5000 0 0 0 0 0 0 0 
21	gtr	0	0	1	22	1	8	0 1 0 0 5000 5000 2 20000 
RF: 1 0 0 0 0 0 0 0 
22	jpc	0	0	30	23	1	8	0 1 0 0 5000 5000 2 20000 
RF: 1 0 0 0 0 0 0 0 
23	lod	0	0	4	24	1	8	0 1 0 0 5000 5000 2 20000 
RF: 5000 0 0 0 0 0 0 0 
OUTPUT: 5000
24	sio	0	0	1	25	1	8	0 1 0 0 5000 5000 2 20000 
RF: 5000 0 0 0 0 0 0 0 
25	lod	0	0	4	26	1	8	0 1 0 0 5000 5000 2 20000 
RF: 5000 0 0 0 0 0 0 0 
26	lit	1	0	2500	27	1	8	0 1 0 0 5000 5000 2 20000 
RF: 5000 2500 0 0 0 0 0 0 
27	sub	0	0	1	28	1	8	0 1 0 0 5000 5000 2 20000 
RF: 2500 2500 0 0 0 0 0 0 
28	sto	0	0	4	29	1	8	0 1 0 0 2500 5000 2 20000 
RF: 2500 2500 0 0 0 0 0 0 
29	jmp	0	0	19	19	1	8	0 1 0 0 2500 5000 2 20000 
RF: 2500 2500 0 0 0 0 0 0 
19	lod	0	0	4	20	1	8	0 1 0 0 2500 5000 2 20000 
RF: 2500 2500 0 0 0 0 0 0 
20	lit	1	0	0	21	1	8	0 1 0 0 2500 5000 2 20000 
RF: 2500 0 0 0 0 0 0 0 
21	gtr	0	0	1	22	1	8	0 1 0 0 2500 5000 2 20000 
RF: 1 0 0 0 0 0 0 0 
22	jpc	0	0	30	23	1	8	0 1 0 0 2500 5000 2 20000 
RF: 1 0 0 0 0 0 0 0 
23	lod	0	0	4	24	1	8	0 1 0 0 2500 5000 2 20000 
RF: 2500 0 0 0 0 0 0 0 
OUTPUT: 2500
24	sio	0	0	1	25	1	8	0 1 0 0 2500 5000 2 20000 
RF: 2500 0 0 0 0 0 0 0 
25	lod	0	0	4	26	1	8	0 1 0 0 2500 5000 2 20000 
RF: 2500 0 0 0 0 0 0 0 
26	lit	1	0	2500	27	1	8	0 1 0 0 2500 5000 2 20000 
RF: 2500 2500 0 0 0 0 0 0 
27	sub	0	0	1	28	1	8	0 1 0 0 2500 5000 2 20000 
RF: 0 2500 0 0 0 0 0 0 
28	sto	0	0	4	29	1	8	0 1 0 0 0 5000 2 20000 
RF: 0 2500 0 0 0 0 0 0 
29	jmp	0	0	19	19	1	8	0 1 0 0 0 5000 2 20000 
RF: 0 2500 0 0 0 0 0 0 
19	lod	0	0	4	20	1	8	0 1 0 0 0 5000 2 20000 
RF: 0 2500 0 0 0 0 0 0 
20	lit	1	0	0	21	1	8	0 1 0 0 0 5000 2 20000 
RF: 0 0 0 0 0 0 0 0 
21	gtr	0	0	1	22	1	8	0 1 0 0 0 5000 2 20000 
RF: 0 0 0 0 0 0 0 0 
22	jpc	0	0	30	30	1	8	0 1 0 0 0 5000 2 20000 
RF: 0 0 0 0 0 0 0 0 
30	lod	0	0	6	31	1	8	0 1 0 0 0 5000 2 20000 
RF: 2 0 0 0 0 0 0 0 
31	lit	1	0	1	32	1	8	0 1 0 0 0 5000 2 20000 
RF: 2 1 0 0 0 0 0 0 
32	sub	0	0	1	33	1	8	0 1 0 0 0 5000 2 20000 
RF: 1 1 0 0 0 0 0 0 
33	sto	0	0	6	34	1	8	0 1 0 0 0 5000 1 20000 
RF: 1 1 0 0 0 0 0 0 
34	lit	0	0	10000	35	1	8	0 1 0 0 0 5000 1 20000 
RF: 10000 1 0 0 0 0 0 0 
35	sto	0	0	4	36	1	8	0 1 0 0 10000 5000 1 20000 
RF: 10000 1 0 0 0 0 0 0 
36	jmp	0	0	9	9	1	8	0 1 0 0 10000 5000 1 20000 
RF: 10000 1 0 0 0 0 0 0 
9	lod	0	0	6	10	1	8	0 1 0 0 10000 5000 1 20000 
RF: 1 1 0 0 0 0 0 0 
10	lit	1	0	0	11	1	8	0 1 0 0 10000 5000 1 20000 
RF: 1 0 0 0 0 0 0 0 
11	gtr	0	0	1	12	1	8	0 1 0 0 10000 5000 1 20000 
RF: 1 0 0 0 0 0 0 0 
12	jpc	0	0	37	13	1	8	0 1 0 0 10000 5000 1 20000 
RF: 1 0 0 0 0 0 0 0 
13	lod	0	0	6	14	1	8	0 1 0 0 10000 5000 1 20000 
RF: 1 0 0 0 0 0 0 0 
OUTPUT: 1
14	sio	0	0	1	15	1	8	0 1 0 0 10000 5000 1 20000 
RF: 1 0 0 0 0 0 0 0 
15	lod	0	0	7	16	1	8	0 1 0 0 10000 5000 1 20000 
RF: 20000 0 0 0 0 0 0 0 
16	lod	1	0	5	17	1	8	0 1 0 0 10000 5000 1 20000 
RF: 20000 5000 0 0 0 0 0 0 
17	add	0	0	1	18	1	8	0 1 0 0 10000 5000 1 20000 
RF: 25000 5000 0 0 0 0 0 0 
18	sto	0	0	7	19	1	8	0 1 0 0 10000 5000 1 25000 
RF: 25000 5000 0 0 0 0 0 0 
19	lod	0	0	4	20	1	8	0 1 0 0 10000 5000 1 25000 
RF: 10000 5000 0 0 0 0 0 0 
20	lit	1	0	0	21	1	8	0 1 0 0 10000 5000 1 25000 
RF: 10000 0 0 0 0 0 0 0 
21	gtr	0	0	1	22	1	8	0 1 0 0 10000 5000 1 25000 
RF: 1 0 0 0 0 0 0 0 
22	jpc	0	0	30	23	1	8	0 1 0 0 10000 5000 1 25000 
RF: 1 0 0 0 0 0 0 0 
23	lod	0	0	4	24	1	8	0 1 0 0 10000 5000 1 25000 
RF: 10000 0 0 0 0 0 0 0 
OUTPUT: 10000
24	sio	0	0	1	25	1	8	0 1 0 0 10000 5000 1 25000 
RF: 10000 0 0 0 0 0 0 0 
25	lod	0	0	4	26	1	8	0 1 0 0 10000 5000 1 25000 
RF: 10000 0 0 0 0 0 0 0 
26	lit	1	0	2500	27	1	8	0 1 0 0 10000 5000 1 25000 
RF: 10000 2500 0 0 0 0 0 0 
27	sub	0	0	1	28	1	8	0 1 0 0 10000 5000 1 25000 
RF: 7500 2500 0 0 0 0 0 0 
28	sto	0	0	4	29	1	8	0 1 0 0 7500 5000 1 25000 
RF: 7500 2500 0 0 0 0 0 0 
29	jmp	0	0	19	19	1	8	0 1 0 0 7500 5000 1 25000 
RF: 7500 2500 0 0 0 0 0 0 
19	lod	0	0	4	20	1	8	0 1 0 0 7500 5000 1 25000 
RF: 7500 2500 0 0 0 0 0 0 
20	lit	1	0	0	21	1	8	0 1 0 0 7500 5000 1 25000 
RF: 7500 0 0 0 0 0 0 0 
21	gtr	0	0	1	22	1	8	0 1 0 0 7500 5000 1 25000 
RF: 1 0 0 0 0 0 0 0 
22	jpc	0	0	30	23	1	8	0 1 0 0 7500 5000 1 25000 
RF: 1 0 0 0 0 0 0 0 
23	lod	0	0	4	24	1	8	0 1 0 0 7500 5000 1 25000 
RF: 7500 0 0 0 0 0 0 0 
OUTPUT: 7500
24	sio	0	0	1	25	1	8	0 1 0 0 7500 5000 1 25000 
RF: 7500 0 0 0 0 0 0 0 
25	lod	0	0	4	26	1	8	0 1 0 0 7500 5000 1 25000 
RF: 7500 0 0 0 0 0 0 0 
26	lit	1	0	2500	27	1	8	0 1 0 0 7500 5000 1 25000 
RF: 7500 2500 0 0 0 0 0 0 
27	sub	0	0	1	28	1	8	0 1 0 0 7500 5000 1 25000 
RF: 5000 2500 0 0 0 0 0 0 
28	sto	0	0	4	29	1	8	0 1 0 0 5000 5000 1 25000 
RF: 5000 2500 0 0 0 0 0 0 
29	jmp	0	0	19	19	1	8	0 1 0 0 5000 5000 1 25000 
RF: 5000 2500 0 0 0 0 0 0 
19	lod	0	0	4	20	1	8	0 1 0 0 5000 5000 1 25000 
RF: 5000 2500 0 0 0 0 0 0 
20	lit	1	0	0	21	1	8	0 1 0 0 5000 5000 1 25000 
RF: 5000 0 0 0 0 0 0 0 
21	gtr	0	0	1	22	1	8	0 1 0 0 5000 5000 1 25000 
RF: 1 0 0 0 0 0 0 0 
22	jpc	0	0	30	23	1	8	0 1 0 0 5000 5000 1 25000 
RF: 1 0 0 0 0 0 0 0 
23	lod	0	0	4	24	1	8	0 1 0 0 5000 5000 1 25000 
RF: 5000 0 0 0 0 0 0 0 
OUTPUT: 5000
24	sio	0	0	1	25	1	8	0 1 0 0 5000 5000 1 25000 
RF: 5000 0 0 0 0 0 0 0 
25	lod	0	0	4	26	1	8	0 1 0 0 5000 5000 1 25000 
RF: 5000 0 0 0 0 0 0 0 
26	lit	1	0	2500	27	1	8	0 1 0 0 5000 5000 1 25000 
RF: 5000 2500 0 0 0 0 0 0 
27	sub	0	0	1	28	1	8	0 1 0 0 5000 5000 1 25000 
RF: 2500 2500 0 0 0 0 0 0 
28	sto	0	0	4	29	1	8	0 1 0 0 2500 5000 1 25000 
RF: 2500 2500 0 0 0 0 0 0 
29	jmp	0	0	19	19	1	8	0 1 0 0 2500 5000 1 25000 
RF: 2500 2500 0 0 0 0 0 0 
19	lod	0	0	4	20	1	8	0 1 0 0 2500 5000 1 25000 
RF: 2500 2500 0 0 0 0 0 0 
20	lit	1	0	0	21	1	8	0 1 0 0 2500 5000 1 25000 
RF: 2500 0 0 0 0 0 0 0 
21	gtr	0	0	1	22	1	8	0 1 0 0 2500 5000 1 25000 
RF: 1 0 0 0 0 0 0 0 
22	jpc	0	0	30	23	1	8	0 1 0 0 2500 5000 1 25000 
RF: 1 0 0 0 0 0 0 0 
23	lod	0	0	4	24	1	8	0 1 0 0 2500 5000 1 25000 
RF: 2500 0 0 0 0 0 0 0 
OUTPUT: 2500
24	sio	0	0	1	25	1	8	0 1 0 0 2500 5000 1 25000 
RF: 2500 0 0 0 0 0 0 0 
25	lod	0	0	4	26	1	8	0 1 0 0 2500 5000 1 25000 
RF: 2500 0 0 0 0 0 0 0 
26	lit	1	0	2500	27	1	8	0 1 0 0 2500 5000 1 25000 
RF: 2500 2500 0 0 0 0 0 0 
27	sub	0	0	1	28	1	8	0 1 0 0 2500 5000 1 25000 
RF: 0 2500 0 0 0 0 0 0 
28	sto	0	0	4	29	1	8	0 1 0 0 0 5000 1 25000 
RF: 0 2500 0 0 0 0 0 0 
29	jmp	0	0	19	19	1	8	0 1 0 0 0 5000 1 25000 
RF: 0 2500 0 0 0 0 0 0 
19	lod	0	0	4	20	1	8	0 1 0 0 0 5000 1 25000 
RF: 0 2500 0 0 0 0 0 0 
20	lit	1	0	0	21	1	8	0 1 0 0 0 5000 1 25000 
RF: 0 0 0 0 0 0 0 0 
21	gtr	0	0	1	22	1	8	0 1 0 0 0 5000 1 25000 
RF: 0 0 0 0 0 0 0 0 
22	jpc	0	0	30	30	1	8	0 1 0 0 0 5000 1 25000 
RF: 0 0 0 0 0 0 0 0 
30	lod	0	0	6	31	1	8	0 1 0 0 0 5000 1 25000 
RF: 1 0 0 0 0 0 0 0 
31	lit	1	0	1	32	1	8	0 1 0 0 0 5000 1 25000 
RF: 1 1 0 0 0 0 0 0 
32	sub	0	0	1	33	1	8	0 1 0 0 0 5000 1 25000 
RF: 0 1 0 0 0 0 0 0 
33	sto	0	0	6	34	1	8	0 1 0 0 0 5000 0 25000 
RF: 0 1 0 0 0 0 0 0 
34	lit	0	0	10000	35	1	8	0 1 0 0 0 5000 0 25000 
RF: 10000 1 0 0 0 0 0 0 
35	sto	0	0	4	36	1	8	0 1 0 0 10000 5000 0 25000 
RF: 10000 1 0 0 0 0 0 0 
36	jmp	0	0	9	9	1	8	0 1 0 0 10000 5000 0 25000 
RF: 10000 1 0 0 0 0 0 0 
9	lod	0	0	6	10	1	8	0 1 0 0 10000 5000 0 25000 
RF: 0 1 0 0 0 0 0 0 
10	lit	1	0	0	11	1	8	0 1 0 0 10000 5000 0 25000 
RF: 0 0 0 0 0 0 0 0 
11	gtr	0	0	1	12	1	8	0 1 0 0 10000 5000 0 25000 
RF: 0 0 0 0 0 0 0 0 
12	jpc	0	0	37	37	1	8	0 1 0 0 10000 5000 0 25000 
RF: 0 0 0 0 0 0 0 0 
37	lod	0	0	7	38	1	8	0 1 0 0 10000 5000 0 25000 
RF: 25000 0 0 0 0 0 0 0 
OUTPUT: 25000
38	sio	0	0	1	39	1	8	0 1 0 0 10000 5000 0 25000 
RF: 25000 0 0 0 0 0 0 0 
39	sio	0	0	3	0	1	0	0 
RF: 25000 0 0 0 0 0 0 0 

Finished execution. Exiting...
